0 0.567555 0.009778 0.013855 0.013634
0 0.935858 0.078611 0.039255 0.058059
0 0.971484 0.131830 0.033978 0.032549
0 0.991771 0.156240 0.013855 0.017154
0 0.954990 0.172734 0.059706 0.047500
0 0.962083 0.209899 0.035627 0.037386
0 0.941630 0.226394 0.011216 0.014075
0 0.987978 0.199783 0.014843 0.021552
0 0.885387 0.122814 0.021441 0.034745
0 0.905016 0.159979 0.018473 0.026389
0 0.905180 0.101922 0.033978 0.051020
0 0.974123 0.057940 0.012206 0.015833
0 0.981381 0.082350 0.010885 0.019791
0 0.797311 0.077511 0.022103 0.023310
0 0.786756 0.100822 0.025400 0.024193
0 0.808363 0.124792 0.020451 0.016716
0 0.856854 0.188127 0.011875 0.017595
0 0.890995 0.246626 0.029358 0.023748
0 0.893305 0.267077 0.008248 0.014513
0 0.925468 0.240688 0.007917 0.010997
0 0.947734 0.249265 0.006267 0.007915
0 0.904849 0.297645 0.025400 0.029029
0 0.922663 0.315900 0.026061 0.018918
0 0.854050 0.322276 0.007586 0.011435
0 0.875326 0.314578 0.004618 0.005719
0 0.850751 0.254763 0.020782 0.025069
0 0.810342 0.299845 0.013194 0.015833
0 0.754098 0.291268 0.008907 0.013634
0 0.765809 0.348007 0.024412 0.007477
0 0.842505 0.335471 0.016824 0.021111
0 0.868729 0.342289 0.035625 0.024193
0 0.877140 0.340529 0.016824 0.019791
0 0.901056 0.362302 0.033647 0.030788
0 0.891656 0.340090 0.010885 0.012755
0 0.793353 0.255203 0.026059 0.033869
0 0.776700 0.207263 0.023743 0.023317
0 0.719132 0.241127 0.008907 0.010993
0 0.657115 0.199784 0.010225 0.009235
0 0.750964 0.006479 0.011875 0.009676
0 0.726056 0.030008 0.035289 0.017154
0 0.669651 0.073773 0.014184 0.045742
0 0.657281 0.047603 0.020453 0.032108
0 0.514941 0.040565 0.026721 0.018915
0 0.535392 0.058819 0.037275 0.039585
0 0.560463 0.095325 0.021441 0.035186
0 0.587347 0.137987 0.032988 0.025510
0 0.583390 0.253443 0.027711 0.066415
0 0.613078 0.250585 0.019132 0.027268
0 0.493169 0.176253 0.039917 0.061578
0 0.500428 0.213193 0.054429 0.054529
0 0.520218 0.264658 0.026721 0.021990
0 0.544135 0.203302 0.052779 0.015395
0 0.441874 0.199124 0.040243 0.051020
0 0.464471 0.256962 0.034637 0.057618
0 0.458203 0.297206 0.020123 0.017595
0 0.462491 0.322936 0.016164 0.025069
0 0.481623 0.312381 0.028039 0.040023
0 0.497952 0.345368 0.029689 0.018036
0 0.512467 0.334593 0.015174 0.020232
0 0.565246 0.338990 0.025728 0.036948
0 0.585203 0.329974 0.021441 0.050582
0 0.491355 0.402544 0.020451 0.038265
0 0.527311 0.382753 0.034966 0.060258
0 0.438906 0.374176 0.066635 0.072131
0 0.379033 0.334810 0.026061 0.011876
0 0.402455 0.346026 0.012865 0.008797
0 0.338294 0.471819 0.019794 0.024631
0 0.373096 0.516462 0.016824 0.025951
0 0.277928 0.495789 0.013855 0.012755
0 0.448306 0.490732 0.033319 0.034307
0 0.468924 0.530536 0.048162 0.041784
0 0.551722 0.428935 0.013855 0.014516
0 0.587183 0.412441 0.048493 0.042222
0 0.512797 0.489412 0.020451 0.046621
0 0.506860 0.538229 0.014515 0.021105
0 0.478984 0.572539 0.019463 0.013196
0 0.511808 0.587933 0.025071 0.018474
0 0.549082 0.486773 0.031007 0.077408
0 0.558319 0.546150 0.042882 0.064216
0 0.599388 0.510964 0.045194 0.062458
0 0.593286 0.572319 0.023752 0.027709
0 0.629902 0.564183 0.056078 0.037824
0 0.631549 0.530098 0.042882 0.047059
0 0.629076 0.499748 0.029358 0.040026
0 0.670641 0.526797 0.039914 0.024627
0 0.666681 0.544611 0.012206 0.009235
0 0.667506 0.558026 0.010556 0.014954
0 0.696370 0.553408 0.048490 0.026830
0 0.679548 0.400786 0.038596 0.060258
0 0.659425 0.455325 0.049150 0.049703
0 0.676908 0.494471 0.044532 0.031229
0 0.709071 0.514042 0.013196 0.015837
0 0.703627 0.493809 0.008245 0.009676
0 0.731832 0.487873 0.034968 0.033869
0 0.739583 0.513163 0.028039 0.021111
0 0.794342 0.524598 0.076860 0.046621
0 0.807702 0.497330 0.032326 0.025510
0 0.778015 0.458843 0.033647 0.030346
0 0.753934 0.464342 0.021113 0.014075
0 0.830794 0.475118 0.014515 0.022431
0 0.869554 0.491172 0.014186 0.017592
0 0.832278 0.415299 0.010228 0.012755
0 0.809681 0.435533 0.021113 0.032987
0 0.856525 0.356583 0.011216 0.008794
0 0.853719 0.387371 0.004949 0.016716
0 0.856689 0.569902 0.012863 0.010556
0 0.915406 0.580237 0.018145 0.019794
0 0.749150 0.666884 0.021441 0.010997
0 0.761190 0.634116 0.019792 0.026389
0 0.756243 0.598709 0.043544 0.026830
0 0.694721 0.622021 0.037936 0.079611
0 0.710885 0.678758 0.008907 0.010118
0 0.668001 0.670842 0.006267 0.010997
0 0.666352 0.625758 0.030679 0.031667
0 0.642767 0.640275 0.011216 0.013196
0 0.620664 0.680077 0.023750 0.032108
0 0.583224 0.694593 0.042551 0.025951
0 0.551887 0.641593 0.012206 0.019350
0 0.588007 0.633895 0.019132 0.032987
0 0.604336 0.605966 0.018804 0.011435
0 0.624623 0.632796 0.007917 0.014075
0 0.470243 0.615203 0.080490 0.073013
0 0.501581 0.667763 0.044201 0.050578
0 0.530445 0.658966 0.006929 0.017154
0 0.496468 0.699871 0.037275 0.018912
0 0.488221 0.721863 0.008907 0.024190
0 0.467440 0.682716 0.031998 0.032987
0 0.373096 0.745832 0.012206 0.009676
0 0.393713 0.754190 0.030348 0.037824
0 0.418949 0.732418 0.012206 0.010118
0 0.433463 0.772443 0.016824 0.025069
0 0.448306 0.876243 0.051132 0.063775
0 0.389259 0.895595 0.008248 0.009235
0 0.199714 0.515229 0.026061 0.043542
0 0.257509 0.389658 0.018473 0.028592
0 0.201265 0.734925 0.020123 0.014516
0 0.019836 0.955940 0.016824 0.021114
0 0.056946 0.942964 0.025730 0.039144
0 0.076903 0.985408 0.010228 0.014954
0 0.105272 0.910856 0.020123 0.028588
0 0.125559 0.876330 0.050142 0.072131
0 0.131498 0.939007 0.013196 0.019791
0 0.154918 0.991126 0.018473 0.017592
0 0.167949 0.961657 0.013525 0.011438
0 0.258333 0.981449 0.021441 0.018474
0 0.276146 0.970454 0.041895 0.032549
0 0.213305 0.837186 0.013855 0.012314
0 0.222212 0.800020 0.040904 0.037386
0 0.252065 0.819592 0.009566 0.014954
0 0.339646 0.802879 0.017154 0.018471
0 0.839724 0.133062 0.044914 0.023641
0 0.868093 0.116515 0.009456 0.022062
0 0.681929 0.231562 0.048461 0.050431
0 0.715615 0.198466 0.089833 0.167056
