0 0.507879 0.642211 0.025650 0.053964
0 0.531820 0.674511 0.033630 0.039520
0 0.554336 0.533907 0.031922 0.030402
0 0.561176 0.609908 0.050162 0.130725
0 0.584262 0.480704 0.038191 0.079042
0 0.492773 0.492105 0.029640 0.039523
0 0.387034 0.469306 0.025652 0.054722
0 0.607347 0.588627 0.011400 0.013680
0 0.595092 0.597369 0.018811 0.015961
0 0.612192 0.612569 0.014252 0.022039
0 0.650099 0.616369 0.019380 0.020523
0 0.653234 0.721253 0.043890 0.035722
0 0.703966 0.628910 0.083794 0.057761
0 0.722207 0.594709 0.037051 0.034961
0 0.637558 0.571908 0.019380 0.016719
0 0.642974 0.584449 0.031350 0.025082
0 0.665489 0.550627 0.020522 0.013680
0 0.689716 0.543786 0.030211 0.036480
0 0.747572 0.562789 0.012542 0.022801
0 0.829656 0.698453 0.019380 0.031160
0 0.831651 0.668431 0.018811 0.045601
0 0.788898 0.587489 0.016532 0.026598
0 0.805143 0.617889 0.009120 0.012922
0 0.754412 0.492485 0.010260 0.012918
0 0.740162 0.357580 0.014819 0.025840
0 0.766098 0.396343 0.023373 0.031922
0 0.674610 0.473864 0.176706 0.234088
0 0.838205 0.424083 0.037620 0.035722
0 0.798018 0.399763 0.026792 0.025082
0 0.813695 0.399003 0.019380 0.026601
0 0.789754 0.376582 0.009120 0.013680
0 0.848180 0.347699 0.029071 0.031922
0 0.865566 0.365941 0.034201 0.028882
0 0.831365 0.396721 0.007980 0.017480
0 0.332598 0.437003 0.074103 0.085882
0 0.300107 0.402802 0.020522 0.014441
0 0.279586 0.383801 0.026221 0.012922
0 0.320627 0.380002 0.019382 0.022042
0 0.382474 0.361002 0.034772 0.041801
0 0.397581 0.402802 0.039902 0.025082
0 0.464272 0.400523 0.027363 0.040281
0 0.494197 0.302479 0.029071 0.081324
0 0.367939 0.289938 0.038760 0.051680
0 0.407270 0.251178 0.058142 0.065363
0 0.426936 0.312359 0.018809 0.023562
0 0.402711 0.207096 0.034201 0.071441
0 0.353973 0.226856 0.051873 0.063843
0 0.401571 0.077511 0.026221 0.023559
0 0.603357 0.262958 0.155047 0.174046
0 0.655799 0.174034 0.082083 0.047879
0 0.717646 0.237876 0.017669 0.023562
0 0.452586 0.033810 0.030211 0.024320
0 0.471113 0.052431 0.039902 0.050922
0 0.485648 0.105632 0.017669 0.043324
0 0.168147 0.978523 0.014250 0.027359
0 0.348126 0.089475 0.038890 0.038271
0 0.592942 0.072783 0.035365 0.077160
0 0.672520 0.028129 0.039127 0.023578
0 0.791754 0.295627 0.026419 0.033242
0 0.796963 0.223935 0.012279 0.025797
0 0.709518 0.144302 0.027164 0.042173
0 0.735939 0.114534 0.032373 0.031258
0 0.752870 0.140333 0.029025 0.027288
0 0.780963 0.152242 0.066608 0.040190
0 0.747102 0.081044 0.021953 0.019846
0 0.842175 0.132644 0.023071 0.043660
0 0.825989 0.122969 0.015257 0.024310
0 0.860967 0.104613 0.023444 0.053088
0 0.871199 0.122721 0.024559 0.024807
0 0.862083 0.174815 0.021211 0.024807
0 0.884781 0.144552 0.018233 0.010915
0 0.962180 0.375508 0.030140 0.031258
0 0.876223 0.275038 0.008559 0.013892
0 0.844408 0.285209 0.022326 0.027288
0 0.839571 0.310265 0.011907 0.020837
0 0.851663 0.323660 0.010792 0.009922
0 0.824873 0.277518 0.007814 0.014886
0 0.895945 0.257920 0.013022 0.014389
0 0.900038 0.286944 0.007071 0.011908
0 0.918271 0.236835 0.039816 0.046637
0 0.947854 0.223440 0.020096 0.018853
0 0.926643 0.196150 0.043909 0.042667
0 0.903015 0.083029 0.042049 0.070451
0 0.929249 0.116023 0.011164 0.020340
0 0.913991 0.145791 0.011164 0.017366
0 0.931854 0.144056 0.030512 0.036712
0 0.947295 0.137855 0.018233 0.020343
0 0.875293 0.077075 0.020096 0.028778
0 0.878270 0.098658 0.017118 0.023317
0 0.901898 0.185732 0.042047 0.039693
0 0.926272 0.170848 0.019348 0.012899
0 0.957716 0.173824 0.020466 0.020837
0 0.961621 0.336312 0.011164 0.012402
0 0.643320 0.064961 0.054478 0.039294
0 0.987150 0.061984 0.018755 0.020242
0 0.981567 0.017627 0.005806 0.006549
0 0.971074 0.017330 0.004466 0.007144
0 0.960580 0.029536 0.006699 0.007739
0 0.946292 0.053350 0.014735 0.019647
0 0.952543 0.079546 0.010272 0.013693
0 0.989381 0.025964 0.018752 0.019647
0 0.981344 0.079546 0.011610 0.013693
0 0.207763 0.565067 0.028502 0.025840
0 0.131950 0.602688 0.017100 0.025082
0 0.051007 0.618649 0.031922 0.046363
0 0.037613 0.979381 0.051873 0.041239
0 0.214033 0.908980 0.011400 0.015961
0 0.277591 0.940520 0.019951 0.031922
0 0.312647 0.904039 0.037623 0.051680
0 0.353403 0.851979 0.042752 0.025082
0 0.328608 0.760015 0.090064 0.090441
0 0.348843 0.815495 0.073534 0.063082
0 0.394445 0.894158 0.009689 0.012160
0 0.403850 0.917340 0.010260 0.014438
0 0.593097 0.821577 0.009120 0.014441
0 0.636134 0.808276 0.023370 0.021278
0 0.651809 0.766095 0.019382 0.043320
0 0.386464 0.705292 0.024512 0.029644
0 0.263911 0.889598 0.015390 0.013680
0 0.423516 0.772556 0.014252 0.018242
0 0.396154 0.794596 0.022230 0.025840
0 0.438336 0.828417 0.035912 0.020520
0 0.453441 0.848557 0.039902 0.022801
0 0.497048 0.823858 0.026792 0.038761
0 0.522129 0.772556 0.010831 0.024320
0 0.505029 0.763056 0.011971 0.015961
0 0.486502 0.732654 0.020520 0.009882
0 0.477382 0.686673 0.028500 0.034961
0 0.442326 0.659690 0.062132 0.072203
0 0.434347 0.588629 0.037051 0.089683
0 0.398435 0.580649 0.021091 0.041801
0 0.391880 0.627010 0.026221 0.053961
0 0.232275 0.638791 0.022799 0.028882
0 0.329748 0.582928 0.036480 0.037242
0 0.334022 0.637270 0.059853 0.054722
0 0.519849 0.691613 0.033630 0.035722
0 0.547779 0.752794 0.030211 0.039523
0 0.548350 0.811696 0.008549 0.014438
0 0.583691 0.747855 0.048451 0.105644
0 0.591672 0.662351 0.053010 0.031918
0 0.484509 0.612949 0.049591 0.074480
0 0.521273 0.585588 0.035341 0.038000
0 0.535525 0.630809 0.022799 0.052441
