0 0.749978 0.103673 0.062961 0.054320
0 0.855533 0.157995 0.014816 0.019755
0 0.757848 0.202440 0.097221 0.113578
0 0.396275 0.256144 0.051853 0.075307
0 0.359701 0.280217 0.032407 0.037036
0 0.399978 0.319724 0.022221 0.019755
0 0.407849 0.361082 0.012037 0.013582
0 0.423589 0.956144 0.028703 0.045680
0 0.372664 0.982686 0.041667 0.032098
0 0.380071 0.733922 0.026853 0.035804
0 0.005544 0.501822 0.011088 0.035801
0 0.066645 0.612315 0.024074 0.029631
0 0.175441 0.487624 0.030554 0.032098
0 0.187478 0.456144 0.023147 0.023458
0 0.224515 0.413552 0.036113 0.022222
0 0.267570 0.429600 0.022223 0.027160
0 0.285163 0.472810 0.044444 0.029627
0 0.332385 0.403675 0.031480 0.046912
0 0.363404 0.430217 0.039814 0.095062
0 0.334700 0.502440 0.010184 0.014814
0 0.427756 0.445033 0.061110 0.075307
0 0.407848 0.533304 0.034260 0.037039
0 0.461089 0.583304 0.020370 0.030863
0 0.521738 0.483304 0.067593 0.062961
0 0.989341 0.595033 0.021319 0.024693
0 0.936553 0.676515 0.030556 0.039507
0 0.822200 0.554292 0.070370 0.061729
0 0.862478 0.620959 0.039814 0.037036
0 0.722200 0.527131 0.020370 0.041974
0 0.737015 0.582069 0.031480 0.030863
0 0.630070 0.483920 0.021297 0.083951
0 0.660163 0.503057 0.029630 0.025925
0 0.576830 0.576515 0.046297 0.074075
0 0.572200 0.595649 0.035184 0.028395
0 0.581460 0.564168 0.048150 0.046912
0 0.597200 0.523428 0.029630 0.032098
0 0.638866 0.548119 0.064816 0.039507
0 0.691645 0.543181 0.037039 0.039507
0 0.680533 0.618489 0.112963 0.103703
0 0.806923 0.712933 0.130556 0.159258
0 0.757385 0.377131 0.042593 0.030863
0 0.886558 0.889484 0.006483 0.018516
0 0.479613 0.539484 0.022221 0.044444
