0 0.695658 0.619574 0.034159 0.027951
0 0.754664 0.355596 0.032608 0.063147
0 0.741077 0.409946 0.053571 0.062114
0 0.742243 0.481374 0.068324 0.062114
0 0.729431 0.498454 0.034936 0.030020
0 0.916543 0.294521 0.017855 0.025879
0 0.962739 0.200319 0.006213 0.011389
0 0.975937 0.192038 0.010870 0.011389
0 0.986808 0.172368 0.023292 0.030023
0 0.977876 0.142348 0.044248 0.046585
0 0.954199 0.054874 0.038819 0.051761
0 0.583081 0.238103 0.020186 0.024846
0 0.532225 0.222057 0.036490 0.038304
0 0.564059 0.186861 0.052020 0.050722
0 0.554354 0.158392 0.038821 0.064183
0 0.649075 0.223611 0.037267 0.062111
0 0.690223 0.455493 0.041926 0.072464
0 0.654120 0.478268 0.042701 0.055902
0 0.642863 0.432203 0.018632 0.073497
0 0.606373 0.437895 0.009319 0.045549
0 0.638982 0.301768 0.029502 0.040373
0 0.600937 0.342658 0.026400 0.039337
0 0.569493 0.362327 0.010093 0.035196
0 0.548919 0.278477 0.026397 0.035196
0 0.517475 0.341623 0.062887 0.064180
0 0.453811 0.313673 0.044255 0.043477
0 0.541931 0.655804 0.009319 0.013458
0 0.524850 0.676508 0.032608 0.034160
0 0.560176 0.727752 0.019412 0.018634
0 0.939059 0.079201 0.011647 0.015526
0 0.909556 0.096283 0.022515 0.031056
0 0.927800 0.075578 0.029502 0.045549
0 0.824928 0.059013 0.014752 0.018634
0 0.708469 0.051768 0.025620 0.064183
0 0.552025 0.035206 0.024843 0.018634
0 0.575316 0.049698 0.034162 0.033127
0 0.507770 0.076095 0.018632 0.019667
0 0.602879 0.079717 0.016306 0.041408
0 0.641311 0.120090 0.034162 0.022775
0 0.041931 0.442038 0.027951 0.028984
0 0.010487 0.984475 0.020963 0.031049
0 0.030286 0.953423 0.034159 0.022775
0 0.057460 0.975163 0.023292 0.026915
0 0.098219 0.960670 0.053571 0.043477
0 0.088903 0.910464 0.020963 0.021739
0 0.152569 0.895971 0.044255 0.054863
0 0.162662 0.983441 0.050466 0.033118
0 0.223608 0.969987 0.021740 0.026915
0 0.315612 0.970502 0.042703 0.058997
0 0.198763 0.873196 0.009316 0.011386
0 0.243018 0.881477 0.031056 0.040373
0 0.303966 0.801252 0.086181 0.099379
0 0.298531 0.847827 0.016306 0.014477
0 0.310565 0.469987 0.029502 0.043477
0 0.387429 0.452907 0.006211 0.017598
0 0.438282 0.427026 0.017858 0.023810
0 0.590844 0.778477 0.048135 0.053830
0 0.425472 0.879925 0.018635 0.016562
0 0.444105 0.869054 0.049691 0.027951
0 0.334634 0.892348 0.031056 0.024846
0 0.390146 0.860257 0.019409 0.018631
0 0.480596 0.721539 0.015529 0.018634
0 0.374619 0.724129 0.047360 0.044513
0 0.567164 0.685309 0.014750 0.020703
0 0.592786 0.010877 0.011645 0.019670
0 0.569882 0.310565 0.041926 0.026915
0 0.498453 0.179614 0.040373 0.052797
0 0.527569 0.153735 0.017858 0.023810
0 0.742630 0.172886 0.137422 0.155281
0 0.834634 0.344729 0.139752 0.180124
0 0.848608 0.403735 0.026397 0.035196
0 0.828423 0.412534 0.017081 0.017598
0 0.810953 0.428580 0.031833 0.031056
0 0.820658 0.453941 0.024846 0.023810
0 0.873065 0.458077 0.072203 0.044500
0 0.885099 0.433755 0.035713 0.026915
0 0.937895 0.427028 0.013975 0.017598
0 0.988360 0.504667 0.013975 0.021739
0 0.984866 0.481374 0.019409 0.033127
0 0.934012 0.495350 0.015529 0.015529
0 0.846279 0.586446 0.021740 0.017598
0 0.928966 0.293487 0.016304 0.023810
0 0.950316 0.314708 0.034162 0.037265
0 0.970115 0.272265 0.022515 0.026915
0 0.951093 0.253631 0.021740 0.028987
0 0.936341 0.216364 0.021740 0.037265
0 0.868795 0.259325 0.004659 0.019670
0 0.872676 0.168745 0.122672 0.140784
0 0.902956 0.153735 0.013975 0.015529
0 0.784555 0.489139 0.053571 0.027951
0 0.790379 0.548662 0.038821 0.078676
0 0.814059 0.598869 0.010093 0.017601
0 0.771357 0.594729 0.008542 0.011386
0 0.728654 0.605598 0.022515 0.033124
0 0.741077 0.568330 0.013199 0.018634
0 0.762429 0.552802 0.026397 0.033127
0 0.691388 0.509842 0.025620 0.025879
0 0.659168 0.573507 0.018635 0.018634
0 0.614913 0.531064 0.015527 0.020703
0 0.585798 0.547627 0.067547 0.072464
0 0.606373 0.597835 0.026397 0.025879
0 0.591233 0.612327 0.016304 0.027948
0 0.614525 0.626301 0.031833 0.018634
0 0.627723 0.608703 0.022515 0.026915
0 0.654897 0.651145 0.008539 0.012422
