0 0.686094 0.387632 0.007409 0.017284
0 0.889336 0.248126 0.010186 0.017284
0 0.881466 0.336397 0.009260 0.013578
0 0.744428 0.393188 0.027777 0.030866
0 0.644890 0.585779 0.075000 0.072840
0 0.715724 0.604299 0.018517 0.028395
0 0.256001 0.445657 0.019444 0.022222
0 0.290261 0.441335 0.013890 0.016049
0 0.340261 0.463557 0.017591 0.018520
0 0.059705 0.325904 0.021297 0.056788
0 0.195816 0.224670 0.017593 0.034569
0 0.441651 0.281459 0.105556 0.113578
0 0.298589 0.208624 0.010174 0.022229
0 0.249058 0.258003 0.012963 0.032098
0 0.609706 0.248126 0.017593 0.024690
