0 0.963866 0.380835 0.014816 0.016049
0 0.142108 0.778984 0.036113 0.044444
0 0.015718 0.719724 0.024074 0.037036
0 0.199053 0.609846 0.070370 0.111111
0 0.238404 0.656760 0.039814 0.074075
0 0.285163 0.642562 0.035184 0.087654
0 0.342107 0.616637 0.037963 0.067902
0 0.268033 0.537008 0.037963 0.049382
0 0.273588 0.584539 0.034260 0.035804
0 0.296737 0.609230 0.012037 0.013578
0 0.212478 0.541946 0.030554 0.034565
0 0.278218 0.459848 0.034260 0.062964
0 0.320811 0.431453 0.063887 0.060493
0 0.332386 0.385157 0.037037 0.088889
0 0.287015 0.378982 0.050000 0.061729
0 0.112478 0.166020 0.047221 0.033333
0 0.112478 0.299353 0.013887 0.030863
0 0.199978 0.807995 0.033333 0.067899
0 0.220811 0.832070 0.076853 0.106173
0 0.273589 0.877132 0.056483 0.104938
0 0.305996 0.924044 0.067591 0.048147
0 0.245811 0.957997 0.036113 0.032098
0 0.064330 0.958613 0.045370 0.035801
0 0.117107 0.842564 0.071297 0.072840
0 0.126830 0.904291 0.029630 0.023458
0 0.217108 0.910466 0.073147 0.104938
0 0.382385 0.967871 0.059260 0.051853
0 0.424515 0.904291 0.025000 0.033333
0 0.459237 0.925279 0.029630 0.040742
0 0.543033 0.925278 0.043517 0.055556
0 0.527293 0.850587 0.034257 0.049382
0 0.503219 0.855526 0.028703 0.017281
0 0.466181 0.884538 0.034260 0.048147
0 0.430071 0.745031 0.050926 0.082716
0 0.386088 0.809230 0.083333 0.080245
0 0.387478 0.874046 0.025000 0.056791
0 0.330533 0.733922 0.035184 0.065431
0 0.573126 0.605526 0.022223 0.038275
0 0.631922 0.646266 0.017593 0.030866
0 0.669423 0.693180 0.022223 0.045680
0 0.718496 0.735773 0.070370 0.091356
0 0.730996 0.749353 0.037963 0.066667
0 0.694423 0.712315 0.018517 0.027160
0 0.711089 0.711699 0.020370 0.030863
0 0.392570 0.511082 0.044444 0.091359
0 0.458311 0.198118 0.031480 0.023458
0 0.466645 0.237008 0.037039 0.046912
0 0.454608 0.290711 0.018520 0.058023
0 0.563404 0.290712 0.050926 0.100000
0 0.366645 0.083304 0.024074 0.035804
0 0.538403 0.069724 0.019444 0.020990
0 0.630534 0.117873 0.016667 0.023458
0 0.706923 0.136391 0.039816 0.028395
0 0.622663 0.037007 0.010184 0.022222
0 0.942107 0.083922 0.028703 0.029627
0 0.979156 0.113551 0.041689 0.116049
0 0.871273 0.227131 0.037037 0.029627
0 0.881922 0.205526 0.034260 0.028392
0 0.880996 0.169724 0.060184 0.030866
0 0.901830 0.367871 0.048150 0.081480
0 0.889330 0.404292 0.019444 0.025925
0 0.915719 0.446266 0.029630 0.050618
0 0.937015 0.448119 0.018520 0.024690
0 0.938868 0.491328 0.025926 0.034565
0 0.885626 0.495650 0.078703 0.067902
0 0.876830 0.550588 0.057409 0.051850
0 0.846275 0.635773 0.035186 0.032101
0 0.781460 0.696266 0.044444 0.039507
0 0.770348 0.661698 0.035186 0.039507
0 0.778681 0.587007 0.038887 0.045680
0 0.769423 0.616637 0.027777 0.030863
0 0.716645 0.586391 0.042593 0.051853
0 0.694885 0.678366 0.017593 0.013582
0 0.633311 0.506144 0.029627 0.051850
0 0.662016 0.404908 0.029630 0.059261
0 0.494885 0.469106 0.023147 0.034565
0 0.708775 0.368490 0.034260 0.043209
0 0.719422 0.404291 0.033333 0.035804
0 0.747664 0.424662 0.075000 0.051853
0 0.833311 0.467871 0.031480 0.037036
0 0.727756 0.517871 0.014816 0.028395
0 0.845349 0.572809 0.012963 0.017284
0 0.623126 0.938242 0.018517 0.034569
0 0.585164 0.899353 0.016667 0.020987
0 0.614330 0.809846 0.006483 0.012346
0 0.669885 0.255526 0.032407 0.034569
0 0.540718 0.175895 0.014814 0.020987
0 0.340256 0.240712 0.037963 0.044444
0 0.727756 0.335773 0.022223 0.032101
0 0.819885 0.412933 0.025000 0.050618
0 0.806923 0.402440 0.012037 0.037036
0 0.847663 0.389477 0.056483 0.075307
0 0.863866 0.435773 0.020370 0.024690
0 0.899515 0.448737 0.015740 0.016049
0 0.959238 0.351822 0.014814 0.029631
0 0.939793 0.360466 0.007409 0.027160
