0 0.086962 0.555908 0.038821 0.041405
0 0.658002 0.737585 0.069098 0.030020
0 0.677413 0.654770 0.048914 0.036232
0 0.760487 0.733444 0.034939 0.040373
0 0.809401 0.623714 0.031831 0.038304
0 0.852879 0.591106 0.028728 0.039337
0 0.265533 0.555908 0.010870 0.014490
0 0.229044 0.533652 0.020186 0.032088
0 0.199540 0.530546 0.024846 0.019667
0 0.189446 0.486551 0.026397 0.020703
0 0.139757 0.472575 0.032608 0.032092
0 0.100549 0.524851 0.028725 0.031056
0 0.292320 0.477234 0.053571 0.095239
0 0.253500 0.451353 0.034936 0.045549
0 0.361419 0.488103 0.058230 0.075572
0 0.348996 0.583859 0.028728 0.024843
0 0.406063 0.625784 0.031056 0.032092
0 0.465457 0.513931 0.067547 0.067392
0 0.444494 0.503113 0.033385 0.039337
0 0.524075 0.596799 0.043478 0.056938
0 0.632382 0.557979 0.030279 0.041408
0 0.604431 0.525887 0.028725 0.024846
0 0.571822 0.508289 0.022517 0.089029
0 0.540379 0.540381 0.035713 0.062114
0 0.586186 0.568848 0.063667 0.034160
0 0.521357 0.629925 0.033385 0.034163
0 0.331915 0.801768 0.031831 0.038301
0 0.630828 0.664605 0.017858 0.028987
0 0.687893 0.598869 0.031056 0.032092
0 0.665379 0.543487 0.015527 0.037268
0 0.761652 0.565225 0.069877 0.074536
0 0.878887 0.671850 0.032608 0.043477
0 0.900626 0.592139 0.017081 0.022775
0 0.918873 0.553320 0.024069 0.027948
0 0.943717 0.586964 0.062890 0.053830
0 0.765146 0.169261 0.013199 0.021739
0 0.316512 0.297985 0.061466 0.081951
0 0.273961 0.319261 0.035461 0.033098
0 0.319467 0.354721 0.015365 0.018912
0 0.335411 0.401147 0.017081 0.023810
0 0.661886 0.120092 0.067547 0.080745
0 0.424984 0.579608 0.029630 0.045680
0 0.851836 0.890717 0.007407 0.016049
0 0.949058 0.995657 0.014816 0.008641
0 0.680130 0.219987 0.085402 0.121118
