0 0.154613 0.424052 0.025926 0.033333
0 0.804613 0.457386 0.024074 0.035804
0 0.694891 0.406768 0.117591 0.119752
0 0.712484 0.309855 0.028703 0.064199
0 0.924520 0.266026 0.015740 0.045680
0 0.949056 0.174052 0.016667 0.012346
0 0.596743 0.078990 0.032407 0.056791
0 0.492114 0.301212 0.062037 0.056791
0 0.396279 0.397510 0.024074 0.044444
0 0.516186 0.508619 0.015740 0.017284
0 0.490724 0.406768 0.012963 0.020987
0 0.281928 0.594422 0.023150 0.030863
0 0.252298 0.335781 0.026850 0.024693
0 0.064336 0.218497 0.025000 0.046915
0 0.076835 0.472199 0.027777 0.043209
0 0.118039 0.633312 0.049074 0.059258
0 0.008788 0.580843 0.017576 0.033333
0 0.022669 0.614175 0.026853 0.053088
0 0.025455 0.243186 0.050909 0.088889
0 0.646743 0.516028 0.093520 0.128395
0 0.707390 0.505534 0.033333 0.048147
