0 0.689799 0.585163 0.057407 0.086418
0 0.930538 0.807384 0.046297 0.061729
0 0.706002 0.019114 0.043520 0.035804
0 0.311558 0.030853 0.037963 0.061706
0 0.258316 0.385779 0.025926 0.028395
0 0.076371 0.124670 0.012037 0.024693
0 0.199521 0.143188 0.023150 0.046912
0 0.177761 0.235162 0.012963 0.028395
0 0.154613 0.211088 0.057407 0.111111
0 0.148132 0.464175 0.024074 0.027160
0 0.304613 0.355534 0.075926 0.059258
0 0.317576 0.417879 0.031480 0.040739
0 0.408779 0.241338 0.100926 0.166670
0 0.417576 0.091953 0.038887 0.048147
0 0.589333 0.037644 0.126853 0.075288
0 0.594428 0.197508 0.074076 0.039507
0 0.569890 0.249361 0.041667 0.051853
0 0.846743 0.082077 0.017593 0.016049
0 0.964801 0.233923 0.016672 0.020977
0 0.793964 0.277755 0.039816 0.066667
0 0.816650 0.198126 0.057407 0.072840
0 0.612946 0.530225 0.035186 0.055556
0 0.493039 0.434546 0.052779 0.069137
0 0.424983 0.545041 0.018520 0.028395
0 0.404151 0.427755 0.047223 0.067902
0 0.344428 0.517261 0.027777 0.046915
0 0.290724 0.556150 0.046297 0.075307
0 0.059706 0.841335 0.026853 0.025925
0 0.020354 0.704299 0.018517 0.023454
0 0.082854 0.726521 0.023150 0.040742
0 0.112484 0.787015 0.063890 0.065435
0 0.237020 0.828374 0.059260 0.071605
0 0.259706 0.767879 0.023147 0.037039
0 0.255076 0.647508 0.069446 0.072840
0 0.466650 0.644423 0.024074 0.037036
0 0.451836 0.743806 0.009260 0.013578
0 0.368039 0.801212 0.026853 0.037039
0 0.312021 0.757384 0.068517 0.104938
0 0.286558 0.875905 0.032409 0.033333
0 0.320816 0.853681 0.032407 0.038271
0 0.681926 0.714170 0.162039 0.082706
