0 0.331140 0.656840 0.022515 0.067288
0 0.848608 0.502595 0.020186 0.021739
0 0.898686 0.510877 0.044255 0.030023
0 0.117243 0.614399 0.007765 0.013458
0 0.013205 0.700837 0.012424 0.020706
0 0.118407 0.643900 0.010093 0.014493
0 0.037273 0.647005 0.035713 0.039337
0 0.159950 0.549129 0.071419 0.090167
0 0.146358 0.539863 0.030279 0.032092
0 0.098609 0.685309 0.029502 0.031056
0 0.219338 0.659428 0.039598 0.026915
0 0.220891 0.623714 0.056679 0.052794
0 0.285721 0.584894 0.066770 0.043480
0 0.334632 0.568330 0.026397 0.035196
0 0.302800 0.540381 0.024846 0.024846
0 0.269805 0.527441 0.013199 0.077641
0 0.019415 0.346799 0.038821 0.093167
0 0.020192 0.452907 0.017081 0.017598
0 0.051636 0.537792 0.059782 0.085918
0 0.519028 0.848869 0.006988 0.018634
0 0.677413 0.494833 0.017855 0.018634
0 0.809788 0.396489 0.031056 0.035199
0 0.879276 0.107150 0.067547 0.067288
0 0.991462 0.077131 0.017076 0.040373
0 0.962739 0.115431 0.041924 0.048654
0 0.929353 0.128373 0.007765 0.033124
0 0.826869 0.172368 0.018635 0.030023
0 0.785331 0.183757 0.010093 0.017598
0 0.708857 0.195142 0.015527 0.030023
0 0.377723 0.214292 0.084627 0.103520
0 0.369183 0.122162 0.067547 0.057971
0 0.467786 0.159946 0.022517 0.038304
0 0.430518 0.372680 0.027174 0.035196
0 0.386263 0.388725 0.036493 0.032092
0 0.368018 0.648559 0.038821 0.027948
0 0.378112 0.596799 0.027949 0.030023
0 0.366854 0.542967 0.020963 0.032092
0 0.452646 0.548144 0.063664 0.059007
0 0.524462 0.539345 0.075311 0.076605
0 0.491466 0.599386 0.032608 0.035196
0 0.557460 0.630443 0.037267 0.043480
0 0.594727 0.511395 0.021738 0.020706
0 0.578810 0.550214 0.017855 0.017598
0 0.614137 0.544003 0.054348 0.034163
0 0.727490 0.561601 0.052794 0.030020
0 0.670037 0.568330 0.040373 0.028987
0 0.752335 0.449283 0.029502 0.041408
0 0.724773 0.491208 0.042703 0.036232
0 0.763593 0.452905 0.098603 0.094203
0 0.829586 0.459636 0.036490 0.033127
0 0.906838 0.419261 0.020186 0.045549
0 0.987195 0.390794 0.008542 0.019667
0 0.984865 0.418227 0.016304 0.020703
0 0.883158 0.518641 0.017855 0.018634
0 0.805518 0.589036 0.014752 0.026915
0 0.800860 0.523301 0.022515 0.021739
0 0.775626 0.637690 0.043478 0.055902
0 0.346668 0.746902 0.067547 0.040373
0 0.015142 0.883031 0.030284 0.041408
0 0.601326 0.944624 0.025623 0.038301
