0 0.354608 0.917873 0.035186 0.035804
0 0.156460 0.174044 0.038890 0.046912
0 0.132849 0.340711 0.012037 0.017284
0 0.118033 0.297502 0.010184 0.009879
0 0.824053 0.517871 0.037037 0.040742
0 0.898589 0.552440 0.030556 0.040742
0 0.892570 0.597502 0.012963 0.024690
0 0.850440 0.689477 0.028703 0.035804
0 0.883311 0.664168 0.022221 0.034565
0 0.904608 0.630835 0.025926 0.032101
0 0.887015 0.753056 0.048147 0.044444
0 0.909238 0.879600 0.018520 0.025925
0 0.964330 0.637008 0.067591 0.091356
0 0.699515 0.830835 0.060186 0.098768
0 0.656923 0.873428 0.012037 0.030863
0 0.674516 0.953675 0.021297 0.035801
0 0.524515 0.978366 0.036113 0.043209
0 0.569886 0.724662 0.012037 0.012343
0 0.573589 0.597502 0.012037 0.027160
0 0.570811 0.520959 0.013887 0.014814
0 0.592571 0.458613 0.014814 0.020990
0 0.613866 0.432069 0.005556 0.009876
0 0.620348 0.462933 0.009260 0.017284
0 0.459238 0.662935 0.018520 0.022222
0 0.493960 0.659230 0.019444 0.029631
0 0.644422 0.811698 0.007407 0.016049
0 0.128681 0.988257 0.022221 0.023487
0 0.182386 0.992564 0.012963 0.014814
0 0.257848 0.582686 0.169446 0.244444
0 0.329608 0.574044 0.025926 0.029631
0 0.439793 0.713551 0.037037 0.051853
0 0.391645 0.619106 0.018520 0.020990
0 0.810163 0.693799 0.007409 0.017284
