0 0.399058 0.408002 0.014816 0.025925
0 0.335168 0.406768 0.011110 0.016052
0 0.912946 0.597508 0.035186 0.029631
0 0.726836 0.440719 0.031480 0.019752
0 0.294891 0.434546 0.028703 0.034569
0 0.142113 0.544423 0.030554 0.059258
0 0.168964 0.382694 0.023150 0.024690
0 0.384243 0.671583 0.024074 0.024690
0 0.421743 0.664792 0.026853 0.008644
0 0.475446 0.686397 0.015740 0.029631
0 0.057391 0.513557 0.020370 0.014814
0 0.186094 0.580225 0.025924 0.046915
0 0.849983 0.823435 0.083333 0.086418
0 0.918964 0.845039 0.010184 0.013582
0 0.554151 0.491953 0.104630 0.114814
