0 0.371279 0.899359 0.035186 0.045680
0 0.308779 0.892572 0.034260 0.044444
0 0.831002 0.100596 0.010186 0.006173
0 0.798594 0.093188 0.012037 0.013578
0 0.722669 0.027137 0.015740 0.012346
0 0.618039 0.074051 0.015740 0.017284
0 0.126835 0.875904 0.022223 0.043212
0 0.118502 0.143188 0.024074 0.027160
0 0.191188 0.202448 0.012037 0.022222
0 0.172669 0.391953 0.026853 0.018520
0 0.154151 0.358619 0.013890 0.016049
0 0.193502 0.522817 0.018520 0.020987
0 0.194890 0.647508 0.025000 0.050618
0 0.632391 0.522199 0.057409 0.054320
0 0.549984 0.277137 0.011110 0.020987
0 0.520353 0.903681 0.040740 0.079010
0 0.056002 0.635781 0.041667 0.044444
