0 0.563283 0.564190 0.067547 0.047621
0 0.829151 0.870348 0.012037 0.024690
0 0.404150 0.569730 0.025000 0.053088
0 0.385876 0.617503 0.024846 0.030020
0 0.294650 0.287275 0.064441 0.092131
0 0.248841 0.310051 0.036490 0.044513
0 0.296978 0.344211 0.017858 0.019670
0 0.638980 0.107668 0.062113 0.070395
0 0.741077 0.156324 0.013199 0.026915
0 0.660332 0.200835 0.081522 0.111801
0 0.920814 0.571954 0.055902 0.042444
0 0.984478 0.526923 0.018632 0.014493
0 0.978263 0.607668 0.043473 0.037265
0 0.854431 0.652699 0.028725 0.040373
0 0.878500 0.574025 0.016304 0.021742
0 0.828422 0.564190 0.032608 0.062111
0 0.786109 0.611291 0.041150 0.042444
0 0.741466 0.549180 0.068324 0.065216
0 0.667320 0.586964 0.025620 0.037268
0 0.642475 0.527441 0.024069 0.050725
0 0.612195 0.545039 0.034939 0.052797
0 0.600939 0.591105 0.020186 0.024843
0 0.926371 0.983940 0.021297 0.029650
0 0.551636 0.496384 0.020963 0.081781
0 0.581527 0.513984 0.027951 0.019667
0 0.506994 0.582825 0.051243 0.049690
0 0.502336 0.615431 0.034162 0.032092
0 0.636263 0.724127 0.067547 0.030020
0 0.667320 0.378373 0.039596 0.038301
0 0.309401 0.388208 0.022517 0.020703
0 0.174696 0.520711 0.027951 0.022775
0 0.171978 0.479822 0.045809 0.030023
0 0.112972 0.464294 0.030282 0.030020
0 0.061341 0.548662 0.040373 0.049690
0 0.075316 0.515536 0.021740 0.035196
0 0.242241 0.548662 0.009316 0.014493
0 0.268251 0.467400 0.047360 0.098343
0 0.232925 0.443072 0.034159 0.033124
0 0.338516 0.476198 0.065218 0.068324
0 0.427412 0.491725 0.030279 0.028987
0 0.442553 0.498974 0.069875 0.072464
0 0.332692 0.569882 0.020963 0.032092
0 0.324929 0.583858 0.028725 0.022775
0 0.312506 0.791933 0.031831 0.039337
