0 0.388593 0.624232 0.036490 0.028987
0 0.389370 0.592657 0.050466 0.050725
0 0.454587 0.559531 0.059782 0.034160
0 0.409944 0.540899 0.031054 0.038301
0 0.467010 0.514500 0.024069 0.016562
0 0.437119 0.499490 0.017081 0.085922
0 0.528733 0.525369 0.018632 0.030020
0 0.546589 0.580237 0.023292 0.036232
0 0.730208 0.634583 0.036490 0.035199
0 0.657615 0.592658 0.034162 0.038304
0 0.851713 0.505701 0.013975 0.015526
0 0.848996 0.582824 0.042703 0.028987
0 0.767863 0.523301 0.032608 0.023810
0 0.778344 0.539345 0.076865 0.068324
0 0.706138 0.560049 0.027174 0.028987
0 0.678966 0.528993 0.041147 0.045549
0 0.548531 0.374230 0.036493 0.044513
0 0.592786 0.360257 0.031831 0.043480
0 0.955363 0.194624 0.024069 0.037268
0 0.990686 0.486551 0.018627 0.074533
0 0.944105 0.509325 0.009319 0.020703
0 0.929354 0.472057 0.037267 0.051761
0 0.981373 0.546075 0.013975 0.021739
0 0.982923 0.600940 0.034154 0.056938
0 0.962739 0.664087 0.045032 0.056938
0 0.515922 0.722057 0.064441 0.030023
0 0.191776 0.818850 0.032610 0.035196
0 0.193717 0.406840 0.022517 0.020706
0 0.180906 0.363881 0.017081 0.027951
0 0.131994 0.327129 0.037267 0.033127
0 0.177025 0.298662 0.068324 0.083853
0 0.624618 0.148041 0.017858 0.020703
0 0.542320 0.202905 0.075311 0.107660
0 0.522909 0.109222 0.058230 0.067288
0 0.788049 0.953941 0.026397 0.046582
0 0.989134 0.421333 0.021733 0.028987
0 0.968174 0.495866 0.045029 0.035196
0 0.083081 0.552286 0.018632 0.025879
0 0.055518 0.550214 0.024066 0.019670
0 0.005049 0.498454 0.010098 0.023810
0 0.051637 0.508807 0.044255 0.017601
0 0.116077 0.472575 0.027174 0.032092
0 0.104431 0.456529 0.019412 0.018634
0 0.123842 0.573507 0.008542 0.012425
0 0.151404 0.489662 0.046583 0.095252
0 0.221279 0.490691 0.052794 0.076605
0 0.209634 0.594729 0.027949 0.032092
0 0.287273 0.600940 0.015527 0.011389
0 0.286498 0.573507 0.013975 0.018634
0 0.330751 0.515018 0.065218 0.065219
0 0.270192 0.635619 0.024846 0.028984
