0 0.314335 0.364175 0.012037 0.024690
0 0.733316 0.603065 0.024074 0.043209
0 0.725909 0.505534 0.087039 0.104938
0 0.786094 0.553681 0.024076 0.035801
0 0.697206 0.624051 0.035186 0.028395
0 0.694890 0.296892 0.058333 0.053085
0 0.156466 0.537632 0.075926 0.072840
0 0.110169 0.397508 0.100000 0.027160
0 0.057854 0.445657 0.047223 0.081484
0 0.036094 0.566028 0.040743 0.025925
0 0.011096 0.630842 0.016667 0.029631
0 0.190261 0.791335 0.073150 0.096297
0 0.265261 0.668497 0.071297 0.085183
0 0.257854 0.725286 0.062037 0.030866
0 0.291188 0.583312 0.030556 0.040742
0 0.114335 0.791953 0.071297 0.040742
0 0.382391 0.693188 0.029630 0.045676
0 0.463409 0.485162 0.032407 0.039507
0 0.497206 0.541954 0.083333 0.076542
0 0.584243 0.467879 0.027779 0.029627
0 0.666651 0.530225 0.029630 0.043209
0 0.627761 0.606150 0.077777 0.113582
0 0.292576 0.348126 0.012961 0.012343
0 0.360169 0.435163 0.018520 0.025928
0 0.389335 0.466026 0.021297 0.023458
0 0.212946 0.405529 0.031480 0.045673
0 0.524984 0.218495 0.029630 0.027160
0 0.448131 0.178990 0.018517 0.024693
0 0.601836 0.103681 0.018520 0.019755
0 0.647206 0.120348 0.033333 0.035801
0 0.697669 0.089485 0.075000 0.050618
0 0.713409 0.151828 0.036113 0.027160
0 0.817114 0.163559 0.045370 0.058026
0 0.903687 0.181461 0.018517 0.022222
0 0.931928 0.153065 0.036110 0.054320
0 0.840261 0.283928 0.019444 0.029627
0 0.834243 0.030225 0.046294 0.033333
0 0.748594 0.256152 0.028703 0.038271
0 0.064335 0.333930 0.013890 0.028395
0 0.030076 0.170348 0.021294 0.034565
0 0.107391 0.245657 0.018517 0.017281
0 0.139798 0.298743 0.038890 0.041977
