0 0.159700 0.119106 0.043517 0.040742
0 0.379145 0.330217 0.050926 0.058023
0 0.628218 0.169724 0.025000 0.028395
0 0.601830 0.457995 0.268517 0.160493
0 0.701830 0.689477 0.024076 0.025928
0 0.796738 0.580835 0.073147 0.050618
0 0.812015 0.583922 0.035186 0.034569
0 0.866645 0.976513 0.040740 0.044444
0 0.257386 0.441946 0.161110 0.202467
0 0.282848 0.163551 0.050926 0.020990
0 0.428218 0.216021 0.041667 0.039507
0 0.948125 0.542562 0.016667 0.023458
0 0.940719 0.427748 0.029630 0.023458
0 0.798588 0.227748 0.208333 0.102471
0 0.544885 0.183304 0.141667 0.067902
0 0.317108 0.135155 0.256480 0.072840
