0 0.099053 0.625279 0.020370 0.013578
0 0.209701 0.711698 0.025000 0.028395
0 0.384700 0.699353 0.030556 0.025928
0 0.830533 0.693799 0.022223 0.017284
0 0.938866 0.522193 0.035184 0.034569
0 0.876368 0.497502 0.034260 0.037036
0 0.857385 0.612317 0.016667 0.019752
0 0.895348 0.596884 0.025926 0.035801
0 0.926368 0.580217 0.032407 0.027160
0 0.714793 0.618489 0.018517 0.017284
0 0.672663 0.671575 0.032409 0.034569
0 0.372200 0.466020 0.127777 0.174072
0 0.617108 0.517871 0.015740 0.018520
0 0.507848 0.551206 0.019446 0.020987
0 0.485163 0.582069 0.031483 0.035804
0 0.130071 0.743797 0.015740 0.023458
0 0.020349 0.807379 0.020370 0.012346
0 0.355534 0.209846 0.033333 0.034569
