0 0.160042 0.950119 0.112863 0.099761
0 0.162094 0.895680 0.048566 0.029183
0 0.211685 0.848253 0.025993 0.027363
0 0.186718 0.791708 0.043093 0.065663
0 0.216815 0.793987 0.033517 0.059281
0 0.212711 0.730601 0.041725 0.038307
0 0.084115 0.783042 0.021206 0.035569
0 0.083089 0.684088 0.024625 0.029183
0 0.004083 0.713273 0.007525 0.016415
0 0.255120 0.814508 0.022574 0.027363
0 0.276326 0.898871 0.025309 0.024624
0 0.259566 0.974570 0.013681 0.015507
0 0.238703 0.984603 0.043093 0.024624
0 0.335152 0.938546 0.022574 0.020065
0 0.613309 0.070070 0.015044 0.020585
0 0.573327 0.141059 0.005542 0.012667
0 0.673478 0.195685 0.027711 0.021637
0 0.631121 0.233949 0.045919 0.054892
0 0.584016 0.250312 0.019002 0.054892
0 0.571942 0.223657 0.023355 0.049085
0 0.468033 0.246355 0.017419 0.048029
0 0.469616 0.189877 0.031669 0.048029
0 0.457344 0.164544 0.029292 0.031141
0 0.398957 0.199379 0.023355 0.022693
0 0.344727 0.205712 0.036022 0.034307
0 0.346706 0.051069 0.017814 0.035359
0 0.236661 0.191462 0.008311 0.016363
0 0.159471 0.174837 0.035230 0.028503
0 0.519888 0.410498 0.041958 0.058585
0 0.470012 0.445333 0.026127 0.061752
0 0.616278 0.530835 0.012272 0.025859
0 0.678425 0.564350 0.013855 0.027444
0 0.586194 0.680993 0.220485 0.258621
0 0.946414 0.896333 0.019397 0.016889
0 0.850619 0.923515 0.020978 0.022696
0 0.674268 0.719786 0.011875 0.015304
0 0.517513 0.030748 0.022169 0.017948
0 0.545420 0.017026 0.012272 0.014778
0 0.530577 0.128391 0.010292 0.012670
0 0.695447 0.077459 0.037605 0.026918
0 0.798962 0.094083 0.072836 0.069670
0 0.869026 0.099626 0.052252 0.029029
0 0.871401 0.133933 0.026919 0.017415
0 0.865266 0.157685 0.032855 0.031141
0 0.736813 0.269840 0.022958 0.028503
0 0.704947 0.175892 0.013061 0.010556
0 0.721176 0.301245 0.032064 0.038529
0 0.654477 0.802123 0.012669 0.022696
0 0.693468 0.836165 0.016230 0.026389
0 0.436168 0.456417 0.031272 0.086029
0 0.367685 0.451137 0.023355 0.030085
0 0.358185 0.389913 0.064522 0.050141
0 0.360164 0.337926 0.033647 0.076003
0 0.202618 0.325786 0.022564 0.017944
0 0.312662 0.285145 0.036814 0.039056
0 0.314049 0.343204 0.056211 0.063337
0 0.312663 0.419734 0.038400 0.052781
0 0.210733 0.499167 0.014250 0.015307
0 0.225576 0.519224 0.024147 0.013193
0 0.316424 0.496792 0.040377 0.045389
0 0.345412 0.530866 0.015730 0.023712
0 0.321814 0.539075 0.034201 0.025536
0 0.463406 0.780763 0.043777 0.051075
0 0.483243 0.730601 0.035569 0.041954
0 0.492477 0.669951 0.045831 0.077523
0 0.444252 0.731513 0.047882 0.065667
0 0.395687 0.665391 0.028728 0.044690
0 0.389532 0.557773 0.034201 0.044690
0 0.340624 0.594253 0.036252 0.042866
0 0.299924 0.614773 0.034201 0.052899
0 0.249990 0.569172 0.068402 0.093029
0 0.713417 0.982322 0.019838 0.032833
0 0.595081 0.863758 0.096446 0.060196
0 0.620388 0.829101 0.034885 0.041954
0 0.594739 0.763435 0.027360 0.036484
0 0.570798 0.762523 0.021890 0.021889
0 0.537623 0.800828 0.032147 0.031010
0 0.540017 0.785324 0.020520 0.018242
0 0.500685 0.797180 0.007522 0.012771
0 0.512998 0.820436 0.011627 0.019154
0 0.530440 0.824997 0.021890 0.035569
0 0.542411 0.842781 0.017100 0.023712
0 0.501027 0.828190 0.015049 0.021889
0 0.443570 0.961801 0.060194 0.075699
0 0.368326 0.994353 0.012314 0.011294
0 0.399108 0.976394 0.032833 0.042866
0 0.402186 0.888838 0.043093 0.042866
0 0.467852 0.884279 0.063615 0.051984
0 0.732458 0.335551 0.035627 0.035363
0 0.760366 0.353495 0.070066 0.050141
0 0.683770 0.330536 0.023750 0.036948
0 0.664373 0.437152 0.034044 0.024278
0 0.748096 0.500222 0.030480 0.036418
0 0.758189 0.433984 0.014250 0.023222
0 0.807670 0.504181 0.021375 0.027448
0 0.798961 0.531371 0.013461 0.026931
0 0.691885 0.686799 0.016230 0.023225
0 0.711082 0.681784 0.007125 0.019529
0 0.727907 0.644047 0.016230 0.016892
0 0.714250 0.609477 0.027711 0.034307
0 0.733647 0.592588 0.007917 0.013196
0 0.738792 0.625838 0.030083 0.035363
0 0.753241 0.623199 0.020189 0.030085
0 0.776596 0.624255 0.015436 0.021641
0 0.775408 0.651964 0.036022 0.054889
0 0.817170 0.601296 0.033252 0.025337
0 0.799357 0.573587 0.026919 0.035363
0 0.821326 0.573059 0.008314 0.017418
0 0.666550 0.503391 0.041566 0.039585
0 0.650518 0.946474 0.019002 0.016889
0 0.546275 0.435773 0.150000 0.192592
0 0.425441 0.285773 0.091667 0.235801
0 0.684700 0.109846 0.013890 0.022222
0 0.729145 0.107995 0.058333 0.050618
0 0.764330 0.187626 0.012037 0.027160
0 0.905025 0.012925 0.008931 0.009922
0 0.917304 0.017637 0.017118 0.022327
0 0.951909 0.133735 0.004466 0.012405
0 0.336520 0.886559 0.029412 0.038307
0 0.921770 0.207165 0.021583 0.026297
0 0.842882 0.223042 0.239637 0.098732
0 0.900001 0.290765 0.039816 0.067477
0 0.873767 0.285556 0.023069 0.040190
0 0.876558 0.311355 0.021953 0.014389
0 0.854977 0.303667 0.027164 0.049614
0 0.861674 0.332938 0.029397 0.021830
0 0.824648 0.329712 0.034978 0.057059
0 0.845115 0.387266 0.024559 0.031258
0 0.872652 0.358242 0.020838 0.011908
0 0.902605 0.362459 0.011534 0.014389
0 0.307107 0.841413 0.067718 0.075696
0 0.279061 0.743369 0.029412 0.040131
0 0.301292 0.764802 0.068402 0.106709
0 0.362512 0.804477 0.054039 0.091203
0 0.416208 0.835485 0.110814 0.065663
