0 0.760099 0.531580 0.017081 0.009317
0 0.821827 0.374748 0.061346 0.045549
0 0.815223 0.326095 0.060559 0.051758
0 0.809789 0.288828 0.026397 0.033127
0 0.822988 0.247420 0.027951 0.062114
0 0.688283 0.041933 0.041150 0.042441
0 0.643251 0.060049 0.118787 0.113869
0 0.611806 0.075577 0.040373 0.049690
0 0.532614 0.057461 0.131988 0.077641
0 0.996509 0.039863 0.006983 0.019667
0 0.972055 0.117503 0.037267 0.040373
0 0.929741 0.080235 0.106365 0.110765
0 0.878888 0.071436 0.015527 0.022775
0 0.797754 0.080753 0.142081 0.146997
0 0.743407 0.272783 0.044255 0.046585
0 0.688282 0.384065 0.010093 0.020706
0 0.742243 0.382513 0.041926 0.059007
0 0.729043 0.329719 0.018635 0.069359
0 0.776792 0.398559 0.022515 0.028987
0 0.771745 0.349904 0.040373 0.049690
0 0.862972 0.376820 0.050468 0.026915
0 0.869183 0.342141 0.014752 0.019667
0 0.893251 0.337482 0.031831 0.026918
0 0.963903 0.300214 0.011645 0.020703
0 0.945270 0.334894 0.056676 0.054866
0 0.913437 0.291415 0.024066 0.032092
0 0.901016 0.240173 0.140527 0.178052
0 0.977490 0.193590 0.041926 0.039337
0 0.992627 0.148041 0.014745 0.035199
0 0.932071 0.457565 0.020961 0.016562
0 0.900239 0.470505 0.011645 0.009317
0 0.861419 0.468435 0.008539 0.013458
0 0.832304 0.449801 0.007765 0.015529
0 0.848219 0.435309 0.027174 0.025879
0 0.873065 0.425992 0.036493 0.065219
0 0.751170 0.458082 0.011645 0.015529
0 0.821822 0.481374 0.019409 0.020703
0 0.034944 0.473093 0.069877 0.113873
0 0.036496 0.350422 0.069875 0.067288
0 0.045037 0.314191 0.015529 0.017598
0 0.056294 0.205495 0.024069 0.038304
0 0.143251 0.385101 0.022517 0.035196
0 0.409556 0.394935 0.022515 0.042444
0 0.476713 0.362327 0.026397 0.035196
0 0.529897 0.341623 0.020961 0.031056
0 0.588516 0.258807 0.065218 0.068320
0 0.590844 0.255185 0.029502 0.036232
0 0.639370 0.273819 0.011647 0.036232
0 0.614913 0.198248 0.024846 0.040373
0 0.636652 0.218435 0.031054 0.028987
0 0.669648 0.257255 0.034939 0.038301
0 0.702257 0.209118 0.024069 0.043477
0 0.705751 0.134583 0.032610 0.051761
0 0.552800 0.106632 0.031056 0.041408
0 0.591233 0.149077 0.028725 0.049690
0 0.622289 0.106116 0.050466 0.054866
0 0.607925 0.088000 0.040375 0.028987
0 0.643251 0.160462 0.024066 0.049690
0 0.025239 0.687379 0.039596 0.033124
0 0.081528 0.655288 0.035713 0.053830
0 0.088515 0.887690 0.086956 0.077641
0 0.137816 0.844211 0.014750 0.021742
0 0.132381 0.941518 0.028728 0.044513
0 0.205751 0.978270 0.041924 0.041408
0 0.283391 0.976712 0.063664 0.046575
0 0.305518 0.964294 0.013199 0.013458
0 0.448376 0.922369 0.047360 0.064183
0 0.489137 0.846789 0.020186 0.041389
0 0.171978 0.859739 0.022515 0.038301
0 0.197211 0.859740 0.040373 0.063147
0 0.240690 0.856114 0.017081 0.026915
0 0.277180 0.837482 0.055900 0.043480
0 0.260099 0.800734 0.024846 0.017598
0 0.315223 0.780028 0.040373 0.052794
0 0.342398 0.857670 0.037267 0.040373
0 0.403733 0.828165 0.054348 0.041408
0 0.450705 0.685309 0.095498 0.103520
0 0.517474 0.678062 0.033385 0.028987
0 0.568330 0.739655 0.017081 0.017598
0 0.583469 0.731892 0.041150 0.020706
0 0.358314 0.756219 0.016304 0.017601
0 0.401016 0.759843 0.034939 0.037268
0 0.507770 0.611291 0.049691 0.038301
0 0.601713 0.605080 0.020186 0.017598
0 0.713903 0.644418 0.045806 0.046582
0 0.472055 0.560567 0.023292 0.017598
0 0.679353 0.566260 0.012422 0.020703
0 0.678966 0.601975 0.020961 0.015526
0 0.638593 0.561085 0.031833 0.033124
0 0.666543 0.666675 0.013199 0.014493
0 0.689447 0.436343 0.063664 0.069359
0 0.690224 0.331270 0.010870 0.014493
0 0.713516 0.498974 0.057453 0.053830
0 0.716621 0.509842 0.035713 0.019670
0 0.792320 0.493797 0.033385 0.028987
