0 0.273596 0.060472 0.041667 0.064199
0 0.233316 0.008619 0.024074 0.014814
0 0.169428 0.072199 0.029630 0.033333
0 0.476836 0.294423 0.098147 0.028395
0 0.438871 0.726521 0.079630 0.050618
0 0.528687 0.735779 0.085184 0.125925
0 0.337484 0.530843 0.021297 0.032098
0 0.097206 0.519114 0.066667 0.077778
0 0.512484 0.458003 0.071297 0.086418
0 0.792576 0.425288 0.024074 0.023458
0 0.658809 0.527596 0.025529 0.049173
0 0.620353 0.624052 0.074074 0.097529
0 0.917576 0.541337 0.059260 0.067902
0 0.986556 0.156150 0.025000 0.033333
0 0.336558 0.109237 0.071297 0.072840
0 0.141188 0.554917 0.021297 0.035801
0 0.758317 0.375904 0.011110 0.023454
0 0.713409 0.291953 0.013887 0.018520
0 0.688409 0.271582 0.013887 0.022222
0 0.372206 0.465410 0.042593 0.027160
0 0.130076 0.286397 0.047221 0.061729
0 0.033788 0.206150 0.067576 0.086418
0 0.029621 0.057397 0.059243 0.114794
0 0.017576 0.342572 0.033333 0.144444
0 0.138871 0.341335 0.037037 0.050618
0 0.184243 0.533928 0.031480 0.124693
0 0.148132 0.531459 0.025926 0.050618
