0 0.745817 0.467879 0.028703 0.041974
0 0.312483 0.039484 0.076853 0.076542
0 0.245353 0.090719 0.092593 0.033333
0 0.323594 0.069113 0.034257 0.037036
0 0.624521 0.066644 0.028703 0.034569
0 0.765724 0.033322 0.072223 0.066644
0 0.387483 0.891953 0.017593 0.025925
0 0.327761 0.856768 0.025924 0.032098
0 0.184243 0.647510 0.038887 0.055556
0 0.048594 0.680225 0.013890 0.032098
0 0.020817 0.583930 0.030556 0.049382
0 0.090261 0.574670 0.036110 0.055556
0 0.027304 0.415410 0.054608 0.141977
0 0.012021 0.280842 0.022223 0.038271
0 0.188871 0.168503 0.042596 0.104954
0 0.135631 0.236397 0.104630 0.018520
0 0.159705 0.351830 0.045370 0.037039
0 0.141650 0.405533 0.033333 0.053085
0 0.232391 0.180224 0.035184 0.039507
0 0.445354 0.346891 0.012963 0.014814
0 0.311094 0.405533 0.038890 0.067902
0 0.327298 0.330225 0.045370 0.053085
0 0.437946 0.867261 0.042593 0.055556
0 0.250909 0.809237 0.122221 0.092592
0 0.250447 0.690717 0.045370 0.072840
0 0.533317 0.520350 0.027777 0.033333
0 0.562946 0.466644 0.027779 0.034569
0 0.560168 0.398126 0.038890 0.090121
0 0.667576 0.307386 0.146294 0.125928
0 0.889335 0.279608 0.054630 0.085183
0 0.656928 0.958619 0.045370 0.062964
