0 0.487491 0.605859 0.059100 0.096137
0 0.656515 0.194528 0.056735 0.055160
0 0.487490 0.139366 0.104015 0.099288
0 0.330286 0.153551 0.189120 0.304167
0 0.158897 0.765822 0.037824 0.018912
0 0.082658 0.945487 0.076831 0.097712
0 0.404751 0.676779 0.018914 0.026794
0 0.340333 0.673627 0.017730 0.023641
0 0.422482 0.587735 0.021277 0.034673
0 0.365745 0.837529 0.016549 0.026791
0 0.258775 0.672840 0.027186 0.053582
0 0.215042 0.638168 0.046098 0.081951
0 0.225679 0.563309 0.039005 0.070918
0 0.478626 0.310363 0.067375 0.163902
0 0.743983 0.507359 0.047279 0.050431
0 0.667745 0.481358 0.095740 0.105592
0 0.452621 0.015706 0.053189 0.031412
0 0.582050 0.733516 0.030733 0.036248
0 0.145304 0.012554 0.017730 0.025108
0 0.030651 0.360007 0.029551 0.074072
0 0.817857 0.467961 0.069738 0.126078
0 0.684884 0.253626 0.049645 0.053585
