0 0.299521 0.600595 0.013890 0.030863
0 0.537946 0.683310 0.018520 0.030863
0 0.800446 0.104915 0.010186 0.012346
0 0.774058 0.099979 0.018517 0.017284
0 0.710631 0.042572 0.006483 0.011111
0 0.514798 0.214175 0.012963 0.018520
0 0.558316 0.393188 0.050000 0.043212
0 0.217113 0.137015 0.008333 0.014814
0 0.165261 0.103065 0.017591 0.020987
0 0.187021 0.253681 0.018517 0.035801
0 0.241188 0.368497 0.013890 0.053085
0 0.196743 0.364175 0.008333 0.024690
0 0.253688 0.598743 0.020370 0.046912
0 0.412946 0.614176 0.018520 0.033333
0 0.134706 0.474668 0.006480 0.028395
0 0.117576 0.560471 0.012961 0.022222
0 0.081928 0.411708 0.039816 0.038271
