0 0.307385 0.346266 0.016667 0.025925
0 0.241645 0.321575 0.018520 0.020987
0 0.309238 0.114786 0.014814 0.019755
0 0.778218 0.125897 0.050926 0.116049
0 0.918034 0.510464 0.075000 0.218516
0 0.968033 0.911082 0.063890 0.167902
0 0.956922 0.717873 0.084260 0.230863
0 0.341181 0.109229 0.013887 0.011111
0 0.105996 0.186391 0.032409 0.024690
0 0.152293 0.141946 0.082409 0.029631
0 0.226368 0.084539 0.032407 0.087654
0 0.193496 0.083922 0.018517 0.014817
0 0.288403 0.082069 0.047223 0.033333
0 0.180534 0.861082 0.033333 0.040739
0 0.274053 0.954908 0.053703 0.087654
0 0.106923 0.910464 0.119444 0.129627
0 0.039793 0.914786 0.027777 0.051853
0 0.113868 0.422193 0.083333 0.059261
0 0.600903 0.478366 0.111110 0.070373
0 0.780070 0.583922 0.121297 0.333333
0 0.917119 0.545047 0.165762 0.909905
0 0.955070 0.464168 0.012037 0.017284
0 0.874051 0.312315 0.016667 0.037036
0 0.882848 0.166020 0.086113 0.122222
0 0.891181 0.312315 0.069446 0.170369
0 0.006007 0.958613 0.012015 0.023454
0 0.188404 0.788242 0.015740 0.018516
0 0.077767 0.760466 0.155534 0.138271
0 0.814793 0.909230 0.044444 0.053088
0 0.021738 0.766020 0.025000 0.025928
0 0.205996 0.530835 0.037963 0.076546
0 0.223125 0.658613 0.150000 0.060493
0 0.227756 0.377131 0.022223 0.023458
0 0.307849 0.374662 0.021297 0.016049
