0 0.181683 0.219471 0.065218 0.053830
0 0.971275 0.264786 0.050000 0.030866
0 0.949515 0.218489 0.030554 0.029631
0 0.938404 0.259230 0.025000 0.041977
0 0.960163 0.316020 0.020370 0.024693
0 0.980996 0.309846 0.030556 0.064196
0 0.626170 0.585412 0.020963 0.032092
0 0.508547 0.578165 0.018632 0.015526
0 0.474385 0.591105 0.038819 0.043477
0 0.746512 0.121126 0.038044 0.016565
0 0.606373 0.247420 0.012422 0.018631
0 0.648686 0.218951 0.010093 0.021739
0 0.776016 0.155806 0.014752 0.042441
0 0.812895 0.111291 0.034162 0.032092
0 0.861808 0.161500 0.031056 0.045549
0 0.920037 0.166157 0.024843 0.098346
0 0.914214 0.251560 0.034939 0.047618
0 0.920813 0.461188 0.023292 0.030023
0 0.907615 0.428062 0.040373 0.030020
0 0.896357 0.416675 0.048914 0.052794
0 0.909556 0.369574 0.042701 0.028984
0 0.867241 0.334894 0.010870 0.015526
0 0.889370 0.284688 0.016304 0.022775
0 0.886652 0.237587 0.034162 0.044513
0 0.855596 0.240691 0.032608 0.108696
0 0.810565 0.313155 0.059007 0.075572
0 0.835411 0.367503 0.051243 0.047621
0 0.867630 0.433757 0.010093 0.022775
0 0.808237 0.456011 0.029502 0.017598
0 0.807071 0.427028 0.010093 0.009317
0 0.839679 0.495868 0.044255 0.043480
0 0.725550 0.473092 0.013199 0.045549
0 0.638982 0.460672 0.037267 0.031056
0 0.675083 0.564191 0.020961 0.022775
0 0.654897 0.519678 0.042701 0.031056
0 0.710022 0.574541 0.016304 0.012422
0 0.720114 0.569366 0.047360 0.033124
0 0.579586 0.530547 0.038044 0.063147
0 0.592009 0.522783 0.087733 0.082814
0 0.750006 0.169263 0.010870 0.038304
0 0.695270 0.154252 0.059784 0.055902
0 0.351714 0.406840 0.015527 0.020706
0 0.201093 0.510359 0.034162 0.039340
0 0.426636 0.608703 0.020963 0.035196
0 0.409167 0.656324 0.020186 0.026915
0 0.441387 0.635101 0.056676 0.046582
0 0.630440 0.638725 0.045032 0.062111
0 0.550860 0.642346 0.036490 0.030020
0 0.503500 0.659428 0.044255 0.033124
0 0.605984 0.718951 0.041150 0.059007
0 0.384322 0.750526 0.035713 0.037268
0 0.319105 0.722575 0.029505 0.045549
0 0.347832 0.648042 0.066772 0.072464
0 0.278733 0.675992 0.072980 0.070395
0 0.195658 0.746384 0.032610 0.033127
0 0.179354 0.684791 0.021738 0.042444
0 0.146745 0.712224 0.035716 0.033127
0 0.098608 0.742761 0.062113 0.044516
0 0.052801 0.750008 0.032608 0.042441
0 0.245735 0.836448 0.171583 0.091098
0 0.163050 0.921850 0.071429 0.059007
0 0.020580 0.840588 0.041150 0.020706
0 0.025626 0.800214 0.049689 0.047618
0 0.110255 0.689966 0.027951 0.025879
0 0.073763 0.681167 0.018635 0.099379
0 0.289213 0.253631 0.022515 0.037268
0 0.191388 0.322472 0.086179 0.114905
