0 0.418960 0.807995 0.086110 0.134565
0 0.439330 0.502440 0.026850 0.034565
0 0.387015 0.582070 0.025926 0.038271
0 0.468498 0.649971 0.016667 0.028392
0 0.513404 0.844415 0.043520 0.054320
0 0.595811 0.898737 0.030554 0.029631
0 0.635163 0.357995 0.024076 0.051853
0 0.654607 0.364786 0.020370 0.035801
0 0.491181 0.314168 0.019446 0.045676
0 0.522663 0.345033 0.030556 0.033333
0 0.533311 0.273428 0.022221 0.043209
0 0.594886 0.327748 0.028703 0.072837
0 0.285626 0.182069 0.119444 0.124693
0 0.162015 0.590711 0.118520 0.149382
0 0.282386 0.727132 0.161110 0.093827
0 0.263403 0.817871 0.036110 0.092592
0 0.287478 0.798118 0.037961 0.033333
0 0.897663 0.474662 0.200924 0.220990
0 0.488866 0.517873 0.061110 0.097529
0 0.426826 0.394415 0.161103 0.134569
0 0.663866 0.798119 0.087037 0.095062
0 0.458775 0.698735 0.080554 0.088889
0 0.155071 0.693797 0.034260 0.037039
0 0.037941 0.585778 0.050000 0.077791
0 0.268960 0.583922 0.030556 0.066667
0 0.299978 0.601824 0.035186 0.033333
0 0.311553 0.657995 0.021297 0.039507
0 0.396275 0.694415 0.024074 0.048150
0 0.412941 0.242562 0.031480 0.033333
0 0.423126 0.269106 0.024076 0.019755
0 0.315718 0.283922 0.018520 0.024693
0 0.350441 0.262933 0.013887 0.019755
0 0.289793 0.399971 0.029630 0.041974
0 0.308311 0.487007 0.051853 0.065431
0 0.346737 0.535157 0.019444 0.023458
0 0.470348 0.174662 0.033333 0.043212
0 0.438404 0.235773 0.023147 0.029631
0 0.417570 0.161699 0.011110 0.014817
0 0.421738 0.188242 0.058333 0.043209
0 0.417108 0.094415 0.039814 0.033333
0 0.440255 0.143797 0.041667 0.040739
0 0.482385 0.115404 0.042593 0.062964
0 0.530998 0.069108 0.025000 0.022222
0 0.548589 0.114786 0.037963 0.029631
0 0.530534 0.127748 0.059260 0.053085
0 0.587940 0.235155 0.029630 0.040742
0 0.580071 0.256761 0.049074 0.064196
0 0.645348 0.241328 0.014814 0.028395
0 0.658775 0.291328 0.039814 0.041977
0 0.680071 0.222810 0.076853 0.023458
0 0.798589 0.322193 0.087963 0.081484
0 0.846737 0.366637 0.013890 0.024693
0 0.771273 0.349971 0.029630 0.055556
0 0.759237 0.378982 0.029630 0.029631
0 0.723588 0.363552 0.032407 0.055556
0 0.737941 0.337008 0.048147 0.081480
0 0.749515 0.425897 0.050926 0.039507
0 0.824515 0.461698 0.036113 0.039507
0 0.799516 0.494415 0.021297 0.040739
0 0.710163 0.507995 0.048150 0.043212
0 0.730996 0.577132 0.073150 0.082716
0 0.747663 0.619106 0.034257 0.048147
0 0.776830 0.594415 0.022223 0.033333
0 0.710626 0.643181 0.037963 0.039507
0 0.635625 0.643181 0.041667 0.049382
0 0.682385 0.696266 0.024074 0.041977
0 0.614793 0.698119 0.070370 0.045676
0 0.605070 0.765404 0.030556 0.037036
0 0.524516 0.764784 0.021297 0.020987
0 0.572200 0.766637 0.035184 0.039503
0 0.534238 0.696884 0.031480 0.045676
0 0.543033 0.606761 0.045370 0.112346
0 0.595811 0.633922 0.021294 0.048150
0 0.616183 0.583920 0.054630 0.061729
0 0.620811 0.529600 0.021294 0.039507
0 0.665719 0.554291 0.046297 0.064196
0 0.676366 0.504291 0.030556 0.035804
0 0.541645 0.428366 0.051853 0.086418
