0 0.573589 0.197502 0.012037 0.012343
0 0.517570 0.237007 0.053703 0.022222
0 0.500904 0.272193 0.025926 0.028392
0 0.443496 0.317255 0.020370 0.037039
0 0.472663 0.301822 0.013890 0.025925
0 0.590718 0.297502 0.042593 0.039507
0 0.634238 0.284538 0.014814 0.018520
0 0.762478 0.271575 0.034260 0.014817
0 0.750904 0.301822 0.057407 0.030866
0 0.739330 0.319724 0.017591 0.024690
0 0.793496 0.317255 0.007409 0.009876
0 0.789330 0.367255 0.028703 0.025928
0 0.777293 0.385773 0.015743 0.025925
0 0.730071 0.363551 0.034260 0.020990
0 0.652293 0.308613 0.023150 0.024690
0 0.700903 0.352440 0.027777 0.062964
0 0.638866 0.348735 0.018517 0.033333
0 0.655996 0.352440 0.013890 0.023454
0 0.530070 0.344415 0.013890 0.037039
0 0.584701 0.393797 0.041667 0.041974
0 0.614330 0.340095 0.017591 0.033333
0 0.487015 0.495031 0.024074 0.027160
0 0.618033 0.534538 0.028703 0.017284
0 0.623589 0.573426 0.021297 0.016049
0 0.658775 0.557995 0.025000 0.017284
0 0.681922 0.501206 0.034260 0.022222
0 0.678218 0.522810 0.049074 0.018516
0 0.716181 0.418490 0.030554 0.032098
0 0.694422 0.420959 0.024074 0.027160
0 0.667108 0.475897 0.025000 0.028395
0 0.682849 0.442564 0.012037 0.018520
0 0.654145 0.448737 0.012039 0.028395
0 0.618033 0.496884 0.052777 0.060493
0 0.741181 0.443181 0.041667 0.049382
0 0.765256 0.462933 0.023150 0.024690
0 0.732386 0.475895 0.012963 0.020987
0 0.853681 0.091946 0.050000 0.038271
0 0.537478 0.207377 0.017593 0.017284
0 0.552292 0.226515 0.025000 0.016049
0 0.397663 0.346266 0.019444 0.028395
0 0.511553 0.556760 0.021297 0.029631
0 0.424978 0.638859 0.037039 0.060497
0 0.436088 0.538859 0.024074 0.033333
0 0.205998 0.539475 0.041667 0.039507
0 0.180071 0.187626 0.034260 0.039507
