0 0.564528 0.563366 0.024625 0.037392
0 0.541271 0.323044 0.049248 0.054722
0 0.830271 0.489490 0.019836 0.037392
0 0.520066 0.269235 0.045147 0.071137
0 0.964556 0.193082 0.070887 0.033745
0 0.909960 0.265131 0.064297 0.106706
0 0.861393 0.410144 0.062929 0.037392
0 0.358637 0.351317 0.065667 0.155046
0 0.106915 0.032108 0.019154 0.060196
0 0.078871 0.009763 0.039674 0.017330
0 0.250219 0.192168 0.164850 0.290938
0 0.378473 0.199922 0.082083 0.087556
0 0.331618 0.043964 0.147064 0.087556
0 0.554267 0.015235 0.027363 0.030098
0 0.781217 0.023011 0.088507 0.046023
0 0.132893 0.548337 0.033096 0.059889
0 0.122255 0.611376 0.037824 0.066190
0 0.152396 0.646047 0.015365 0.040977
0 0.409938 0.744404 0.025993 0.036480
0 0.016863 0.823750 0.033725 0.032833
0 0.069636 0.712028 0.029414 0.022801
0 0.226620 0.800038 0.019152 0.032833
0 0.268004 0.661864 0.015733 0.022801
0 0.291945 0.593918 0.019836 0.038307
0 0.216701 0.654569 0.010260 0.020974
0 0.343245 0.613072 0.038990 0.083908
0 0.363424 0.608511 0.016417 0.069317
0 0.506043 0.532812 0.080032 0.094853
0 0.628826 0.531444 0.049250 0.128595
0 0.571710 0.524149 0.036252 0.050160
