0 0.298126 0.020959 0.031483 0.027160
0 0.301366 0.185155 0.019444 0.019755
0 0.224978 0.190712 0.020373 0.020987
0 0.220811 0.167871 0.032407 0.029631
0 0.933322 0.878364 0.133355 0.238271
0 0.530996 0.131453 0.010184 0.025925
0 0.502756 0.154291 0.022223 0.044444
0 0.499515 0.061082 0.030554 0.033333
0 0.409238 0.108611 0.014814 0.022222
0 0.548126 0.037007 0.024076 0.034569
0 0.459701 0.166020 0.015740 0.020987
0 0.451830 0.048735 0.024076 0.033333
0 0.380996 0.050588 0.012037 0.019752
0 0.356923 0.046884 0.026850 0.032101
0 0.341645 0.082069 0.029627 0.030863
