0 0.435626 0.235157 0.015743 0.033333
0 0.606460 0.953673 0.144444 0.090124
0 0.690256 0.353675 0.037963 0.040742
0 0.685626 0.387007 0.017591 0.023458
0 0.714330 0.373426 0.021297 0.018520
0 0.723589 0.305526 0.013890 0.025928
0 0.545811 0.228984 0.037961 0.035804
0 0.590256 0.215402 0.013890 0.011111
0 0.607848 0.238859 0.023147 0.025928
0 0.595348 0.277131 0.018520 0.023458
0 0.662941 0.333920 0.024074 0.028395
0 0.696275 0.226513 0.061113 0.035804
0 0.687016 0.246884 0.012963 0.027160
0 0.680533 0.289475 0.022223 0.016049
0 0.544885 0.322193 0.032407 0.037039
0 0.627755 0.401824 0.033333 0.043209
0 0.638868 0.357377 0.016667 0.018520
0 0.609700 0.462315 0.010184 0.016049
0 0.634700 0.431453 0.039816 0.016049
0 0.956922 0.257997 0.017593 0.022222
0 0.965256 0.321575 0.013890 0.018516
0 0.141645 0.145649 0.033333 0.051853
0 0.398588 0.541946 0.034260 0.046912
0 0.406922 0.454292 0.015740 0.037036
0 0.477293 0.459230 0.017591 0.024690
0 0.361553 0.283922 0.013890 0.022222
0 0.285626 0.250587 0.010184 0.017284
0 0.405071 0.248735 0.023147 0.030863
0 0.457385 0.208613 0.014814 0.014814
0 0.462015 0.176515 0.027779 0.027160
0 0.500441 0.161082 0.036113 0.040739
0 0.528681 0.137626 0.011113 0.016049
0 0.577293 0.444415 0.017591 0.022222
0 0.602293 0.493797 0.023150 0.009876
0 0.487940 0.276515 0.003703 0.017284
