0 0.721743 0.319113 0.045373 0.048147
0 0.879613 0.237015 0.016667 0.019755
0 0.921743 0.085163 0.013887 0.024693
0 0.652761 0.070966 0.079630 0.023454
0 0.512021 0.107384 0.068517 0.061729
0 0.419433 0.352440 0.116674 0.104925
0 0.210631 0.022199 0.052777 0.041974
0 0.119428 0.094422 0.031483 0.033333
0 0.026835 0.193804 0.027777 0.032098
0 0.090724 0.074670 0.179630 0.146915
0 0.108779 0.350595 0.039814 0.054320
0 0.218039 0.374670 0.015740 0.013582
0 0.293038 0.544422 0.021297 0.032098
0 0.321279 0.430225 0.024074 0.087654
0 0.027761 0.692570 0.042591 0.074075
0 0.477298 0.504917 0.028703 0.037036
0 0.604613 0.348126 0.050000 0.093827
0 0.320353 0.496892 0.016667 0.030863
