0 0.451830 0.027748 0.038890 0.035804
0 0.497663 0.061082 0.017591 0.028392
0 0.330533 0.054908 0.020370 0.040739
0 0.352756 0.039475 0.012963 0.027160
0 0.336553 0.199971 0.013890 0.029627
0 0.323589 0.257379 0.021297 0.023458
0 0.291645 0.144415 0.275926 0.283948
0 0.481922 0.196266 0.084260 0.081480
0 0.480071 0.183922 0.015740 0.019752
0 0.507386 0.191328 0.011110 0.017284
0 0.520811 0.144415 0.023147 0.019752
0 0.501368 0.021577 0.034260 0.028395
0 0.575904 0.028984 0.016667 0.030863
0 0.602756 0.062317 0.012963 0.020987
0 0.893960 0.614786 0.015743 0.046912
0 0.892107 0.680835 0.062037 0.087657
0 0.449053 0.098737 0.029630 0.027160
0 0.567108 0.107377 0.058333 0.059258
0 0.579607 0.798119 0.029630 0.072840
0 0.991656 0.346268 0.016689 0.033333
0 0.871275 0.515404 0.035186 0.028395
0 0.876830 0.459846 0.046297 0.146915
0 0.220811 0.982686 0.052779 0.032098
0 0.486553 0.505526 0.104630 0.132098
