0 0.544423 0.554908 0.014816 0.020987
0 0.636553 0.904292 0.021297 0.040742
0 0.950452 0.587008 0.099096 0.104938
0 0.623589 0.827131 0.010184 0.029627
0 0.664330 0.782686 0.063890 0.101235
0 0.868496 0.833304 0.024076 0.037039
0 0.411553 0.666637 0.047223 0.046915
0 0.430996 0.617255 0.017591 0.022222
0 0.866645 0.519106 0.033333 0.043212
0 0.792570 0.480219 0.038890 0.044444
0 0.847663 0.715402 0.047223 0.045680
0 0.322663 0.867873 0.034257 0.044444
0 0.124515 0.119722 0.041667 0.044444
0 0.099051 0.289477 0.014814 0.013582
0 0.814793 0.646884 0.031483 0.037036
0 0.848588 0.624044 0.032407 0.035801
0 0.869885 0.592562 0.025000 0.034569
0 0.342570 0.454908 0.037037 0.048150
0 0.543496 0.483304 0.014816 0.020987
0 0.163404 0.862933 0.023147 0.019755
0 0.145811 0.945033 0.012039 0.018516
0 0.091181 0.946266 0.030554 0.040742
0 0.362015 0.572810 0.018520 0.014817
0 0.299516 0.528364 0.021297 0.027160
0 0.223126 0.532069 0.179630 0.241974
0 0.592571 0.421575 0.009260 0.020987
0 0.569423 0.419106 0.012963 0.028395
0 0.860626 0.558613 0.010184 0.028395
0 0.488866 0.934539 0.038890 0.056791
