0 0.762941 0.345650 0.025926 0.022222
0 0.793034 0.299971 0.082407 0.059261
0 0.812015 0.259230 0.051853 0.027160
0 0.889793 0.471575 0.022223 0.024693
0 0.824978 0.418489 0.035186 0.039507
0 0.804608 0.444415 0.024074 0.034569
0 0.729145 0.578984 0.041667 0.046915
0 0.762478 0.553673 0.028706 0.045680
0 0.743033 0.514784 0.060184 0.066667
0 0.062478 0.107377 0.015740 0.014814
0 0.018507 0.132686 0.037015 0.043209
0 0.137478 0.014801 0.047221 0.029601
0 0.843496 0.335155 0.014816 0.018520
0 0.640718 0.483304 0.014814 0.018516
0 0.471275 0.461699 0.018520 0.022222
0 0.566181 0.399971 0.043520 0.066667
0 0.643033 0.264168 0.010184 0.017284
0 0.612478 0.313551 0.030554 0.054324
0 0.663403 0.345033 0.019444 0.030863
0 0.646275 0.334538 0.024074 0.039507
0 0.697663 0.305526 0.017591 0.040739
0 0.671275 0.278982 0.035186 0.039507
0 0.653218 0.237626 0.015740 0.028395
0 0.597206 0.259237 0.051863 0.056775
0 0.603683 0.238242 0.029630 0.034569
0 0.540718 0.325895 0.024074 0.034569
0 0.519886 0.351822 0.028703 0.041977
0 0.482848 0.334538 0.052779 0.081480
0 0.514330 0.303056 0.012037 0.033333
0 0.460626 0.209230 0.045370 0.053088
0 0.496275 0.188859 0.035186 0.041974
0 0.470811 0.160464 0.036113 0.034569
0 0.528218 0.145650 0.076853 0.046915
0 0.563404 0.137007 0.032407 0.022222
0 0.597664 0.096884 0.008333 0.018520
0 0.550904 0.101206 0.018520 0.024693
0 0.449978 0.124044 0.024074 0.028395
0 0.398126 0.231451 0.009257 0.020987
0 0.384238 0.261698 0.018520 0.027160
0 0.352756 0.280835 0.020370 0.030866
0 0.273126 0.212317 0.014816 0.022222
0 0.449978 0.245033 0.031480 0.055556
0 0.346738 0.516637 0.108333 0.149386
0 0.387015 0.483304 0.018520 0.028392
0 0.421275 0.530217 0.018520 0.028395
0 0.436088 0.617253 0.024074 0.039507
0 0.354145 0.584539 0.019446 0.035804
0 0.326366 0.531451 0.062037 0.065431
0 0.094422 0.531453 0.057407 0.062964
0 0.312941 0.720959 0.042593 0.071605
0 0.553218 0.736391 0.058333 0.048147
0 0.571737 0.577748 0.039816 0.125928
0 0.630534 0.669724 0.024074 0.035801
0 0.600441 0.674662 0.023147 0.035801
0 0.561089 0.679600 0.022223 0.018520
0 0.626366 0.785157 0.021297 0.019752
0 0.640255 0.628366 0.075000 0.041974
0 0.653681 0.578982 0.035186 0.039507
0 0.655071 0.561699 0.043520 0.079013
0 0.638403 0.579600 0.078703 0.146912
0 0.679608 0.499971 0.059260 0.044444
0 0.694885 0.460464 0.025000 0.029627
0 0.722663 0.459230 0.047223 0.037036
0 0.753683 0.393180 0.037037 0.030863
0 0.741645 0.366637 0.072221 0.091359
0 0.776830 0.320342 0.024076 0.038271
